<?xml version='1.0' encoding='us-ascii'?>
<calibration FileName="C:\Users\labbuser\Downloads\paf-theia-markerless-example-feature-new-theia-settings\paf-theia-markerless-example-feature-new-theia-settings\Data\Jim Doe_002\2022-04-19_Markerless_Comparison\Dynamic 2.qtm">
    <CaptureStart Date="2020-10-08" Time="18:49:17.003" Timestamp="2501.40768930" />
    <Channels>
        <Channel Number="1" Name="Channel_01" Board="Kistler 569x DAQ" />
        <Channel Number="2" Name="Channel_02" Board="Kistler 569x DAQ" />
        <Channel Number="3" Name="Channel_03" Board="Kistler 569x DAQ" />
        <Channel Number="4" Name="Channel_04" Board="Kistler 569x DAQ" />
        <Channel Number="5" Name="Channel_05" Board="Kistler 569x DAQ" />
        <Channel Number="6" Name="Channel_06" Board="Kistler 569x DAQ" />
        <Channel Number="7" Name="Channel_07" Board="Kistler 569x DAQ" />
        <Channel Number="8" Name="Channel_08" Board="Kistler 569x DAQ" />
        <Channel Number="9" Name="Channel_09" Board="Kistler 569x DAQ" />
        <Channel Number="10" Name="Channel_10" Board="Kistler 569x DAQ" />
        <Channel Number="11" Name="Channel_11" Board="Kistler 569x DAQ" />
        <Channel Number="12" Name="Channel_12" Board="Kistler 569x DAQ" />
        <Channel Number="13" Name="Channel_13" Board="Kistler 569x DAQ" />
        <Channel Number="14" Name="Channel_14" Board="Kistler 569x DAQ" />
        <Channel Number="15" Name="Channel_15" Board="Kistler 569x DAQ" />
        <Channel Number="16" Name="Channel_16" Board="Kistler 569x DAQ" />
    </Channels>
    <ForcePlates>
        <ForcePlate Length="600.000000" Width="400.000000" Name="Force-plate 1" />
        <ForcePlate Length="600.000000" Width="400.000000" Name="Force-plate 2" />
    </ForcePlates>
    <cameras>
        <camera active="1" calibrated="true" message="" point-count="1948" avg-residual="0.598357" serial="22707" model="Miqus Video" viewrotation="180" video_resolution="720p">
            <fov_marker left="0" top="0" right="1919" bottom="1087" />
            <fov_marker_max left="0" top="0" right="1919" bottom="1087" />
            <fov_video left="512" top="192" right="1471" bottom="959" />
            <fov_video_max left="0" top="0" right="1919" bottom="1087" />
            <transform x="285.779388" y="4149.990234" z="2776.802979" r11="0.996506" r12="-0.067220" r13="-0.049580" r21="-0.015513" r22="0.434307" r23="-0.900631" r31="0.082073" r32="0.898253" r33="0.431747" />
            <intrinsic focallength="9.232697" sensorMinU="0.000000" sensorMaxU="122879.000000" sensorMinV="0.000000" sensorMaxV="69631.000000" focalLengthU="107440.945313" focalLengthV="107429.078125" centerPointU="60810.964844" centerPointV="33210.011719" skew="0.000000" radialDistortion1="-0.043922" radialDistortion2="0.133380" radialDistortion3="0.000000" tangentalDistortion1="0.000645" tangentalDistortion2="-0.000183" />
        </camera>
        <camera active="1" calibrated="true" message="" point-count="1904" avg-residual="0.790081" serial="22673" model="Miqus Video" viewrotation="180" video_resolution="720p">
            <fov_marker left="0" top="0" right="1919" bottom="1087" />
            <fov_marker_max left="0" top="0" right="1919" bottom="1087" />
            <fov_video left="512" top="192" right="1471" bottom="959" />
            <fov_video_max left="0" top="0" right="1919" bottom="1087" />
            <transform x="-520.813843" y="-4737.397949" z="2855.896973" r11="-0.983777" r12="0.168735" r13="-0.060926" r21="-0.010135" r22="-0.391344" r23="-0.920188" r31="-0.179111" r32="-0.904643" r33="0.386706" />
            <intrinsic focallength="9.222591" sensorMinU="0.000000" sensorMaxU="122879.000000" sensorMinV="0.000000" sensorMaxV="69631.000000" focalLengthU="107321.421875" focalLengthV="107313.421875" centerPointU="60421.972656" centerPointV="33851.222656" skew="0.000000" radialDistortion1="-0.046290" radialDistortion2="0.133174" radialDistortion3="0.000000" tangentalDistortion1="-0.000269" tangentalDistortion2="0.000384" />
        </camera>
        <camera active="1" calibrated="true" message="" point-count="1910" avg-residual="0.900763" serial="21387" model="Miqus Video" viewrotation="180" video_resolution="720p">
            <fov_marker left="0" top="0" right="1919" bottom="1087" />
            <fov_marker_max left="0" top="0" right="1919" bottom="1087" />
            <fov_video left="512" top="192" right="1471" bottom="959" />
            <fov_video_max left="0" top="0" right="1919" bottom="1087" />
            <transform x="3944.828613" y="-4767.861328" z="2810.691650" r11="-0.765482" r12="-0.641541" r13="-0.049631" r21="0.290756" r22="-0.276056" r23="-0.916108" r31="0.574020" r32="-0.715694" r33="0.397847" />
            <intrinsic focallength="9.218590" sensorMinU="0.000000" sensorMaxU="122879.000000" sensorMinV="0.000000" sensorMaxV="69631.000000" focalLengthU="107274.000000" focalLengthV="107267.710938" centerPointU="60896.578125" centerPointV="29992.601563" skew="0.000000" radialDistortion1="-0.044924" radialDistortion2="0.131940" radialDistortion3="0.000000" tangentalDistortion1="0.000067" tangentalDistortion2="0.001039" />
        </camera>
        <camera active="1" calibrated="true" message="" point-count="2143" avg-residual="0.894027" serial="23606" model="Miqus Video" viewrotation="180" video_resolution="720p">
            <fov_marker left="0" top="0" right="1919" bottom="1087" />
            <fov_marker_max left="0" top="0" right="1919" bottom="1087" />
            <fov_video left="512" top="192" right="1471" bottom="959" />
            <fov_video_max left="0" top="0" right="1919" bottom="1087" />
            <transform x="-4168.940918" y="-4718.882813" z="2874.787598" r11="-0.831434" r12="0.546720" r13="-0.099069" r21="-0.119132" r22="-0.349567" r23="-0.929306" r31="-0.542702" r32="-0.760854" r33="0.355774" />
            <intrinsic focallength="9.216570" sensorMinU="0.000000" sensorMaxU="122879.000000" sensorMinV="0.000000" sensorMaxV="69631.000000" focalLengthU="107244.617188" focalLengthV="107250.085938" centerPointU="59151.445313" centerPointV="34095.316406" skew="0.000000" radialDistortion1="-0.046730" radialDistortion2="0.141227" radialDistortion3="0.000000" tangentalDistortion1="-0.000124" tangentalDistortion2="0.000008" />
        </camera>
        <camera active="1" calibrated="true" message="" point-count="2180" avg-residual="1.304575" serial="21548" model="Miqus Video" viewrotation="180" video_resolution="720p">
            <fov_marker left="0" top="0" right="1919" bottom="1087" />
            <fov_marker_max left="0" top="0" right="1919" bottom="1087" />
            <fov_video left="512" top="192" right="1471" bottom="959" />
            <fov_video_max left="0" top="0" right="1919" bottom="1087" />
            <transform x="-4285.253418" y="4226.710938" z="2830.164551" r11="0.801173" r12="0.595889" r13="0.055122" r21="-0.172899" r22="0.318674" r23="-0.931962" r31="-0.572912" r32="0.737132" r33="0.358342" />
            <intrinsic focallength="9.257655" sensorMinU="0.000000" sensorMaxU="122879.000000" sensorMinV="0.000000" sensorMaxV="69631.000000" focalLengthU="107703.351563" focalLengthV="107747.523438" centerPointU="61779.035156" centerPointV="31702.119141" skew="0.000000" radialDistortion1="-0.043352" radialDistortion2="0.151633" radialDistortion3="0.000000" tangentalDistortion1="-0.000577" tangentalDistortion2="0.000034" />
        </camera>
        <camera active="1" calibrated="true" message="" point-count="2290" avg-residual="1.162039" serial="21547" model="Miqus Video" viewrotation="180" video_resolution="720p">
            <fov_marker left="0" top="0" right="1919" bottom="1087" />
            <fov_marker_max left="0" top="0" right="1919" bottom="1087" />
            <fov_video left="512" top="192" right="1471" bottom="959" />
            <fov_video_max left="0" top="0" right="1919" bottom="1087" />
            <transform x="3587.161377" y="4121.598145" z="2755.391602" r11="0.830811" r12="-0.553866" r13="-0.054637" r21="0.197393" r22="0.385028" r23="-0.901549" r31="0.520374" r32="0.738232" r33="0.429214" />
            <intrinsic focallength="6.141847" sensorMinU="0.000000" sensorMaxU="122879.000000" sensorMinV="0.000000" sensorMaxV="69631.000000" focalLengthU="71462.859375" focalLengthV="71474.671875" centerPointU="60534.929688" centerPointV="31159.396484" skew="0.000000" radialDistortion1="-0.000149" radialDistortion2="0.001967" radialDistortion3="0.000000" tangentalDistortion1="-0.000304" tangentalDistortion2="0.000003" />
        </camera>
        <camera active="1" calibrated="true" message="" point-count="2020" avg-residual="1.011511" serial="21546" model="Miqus Video" viewrotation="270" video_resolution="720p">
            <fov_marker left="0" top="0" right="1919" bottom="1087" />
            <fov_marker_max left="0" top="0" right="1919" bottom="1087" />
            <fov_video left="512" top="192" right="1471" bottom="959" />
            <fov_video_max left="0" top="0" right="1919" bottom="1087" />
            <transform x="4310.200684" y="138.402313" z="2889.204590" r11="-0.455979" r12="0.001482" r13="0.889989" r21="0.047190" r22="-0.998552" r23="0.025840" r31="0.888739" r32="0.053781" r33="0.455248" />
            <intrinsic focallength="9.230006" sensorMinU="0.000000" sensorMaxU="122879.000000" sensorMinV="0.000000" sensorMaxV="69631.000000" focalLengthU="107393.375000" focalLengthV="107414.039063" centerPointU="60965.937500" centerPointV="32811.929688" skew="0.000000" radialDistortion1="-0.045013" radialDistortion2="0.144350" radialDistortion3="0.000000" tangentalDistortion1="0.000784" tangentalDistortion2="0.000725" />
        </camera>
        <camera active="1" calibrated="true" message="" point-count="2214" avg-residual="1.245146" serial="21549" model="Miqus Video" viewrotation="270" video_resolution="720p">
            <fov_marker left="0" top="0" right="1919" bottom="1087" />
            <fov_marker_max left="0" top="0" right="1919" bottom="1087" />
            <fov_video left="512" top="192" right="1471" bottom="959" />
            <fov_video_max left="0" top="0" right="1919" bottom="1087" />
            <transform x="-4788.686035" y="-218.318512" z="2935.437500" r11="0.443449" r12="0.065951" r13="0.893870" r21="-0.061487" r22="0.997178" r23="-0.043069" r31="-0.894188" r32="-0.035863" r33="0.446253" />
            <intrinsic focallength="6.132037" sensorMinU="0.000000" sensorMaxU="122879.000000" sensorMinV="0.000000" sensorMaxV="69631.000000" focalLengthU="71343.539063" focalLengthV="71365.679688" centerPointU="59513.144531" centerPointV="30402.753906" skew="0.000000" radialDistortion1="0.000865" radialDistortion2="0.000237" radialDistortion3="0.000000" tangentalDistortion1="-0.000977" tangentalDistortion2="0.000022" />
        </camera>
        <camera active="1" calibrated="true" message="" point-count="1554" avg-residual="1.059837" serial="18089" model="Oqus 700+" viewrotation="0" video_resolution="">
            <fov_marker left="0" top="0" right="4095" bottom="3071" />
            <fov_marker_max left="0" top="0" right="4095" bottom="3071" />
            <fov_video left="0" top="0" right="4095" bottom="3071" />
            <fov_video_max left="0" top="0" right="4095" bottom="3071" />
            <transform x="3866.037354" y="3997.886475" z="3192.477783" r11="-0.555750" r12="0.817144" r13="0.153028" r21="-0.284189" r22="-0.359714" r23="0.888731" r31="0.781267" r32="0.450424" r33="0.432134" />
            <intrinsic focallength="21.519136" sensorMinU="0.000000" sensorMaxU="262143.000000" sensorMinV="0.000000" sensorMaxV="196607.000000" focalLengthU="250357.109375" focalLengthV="250451.906250" centerPointU="129314.984375" centerPointV="101307.765625" skew="0.000000" radialDistortion1="-0.005832" radialDistortion2="0.009939" radialDistortion3="0.000000" tangentalDistortion1="-0.001036" tangentalDistortion2="-0.000370" />
        </camera>
        <camera active="1" calibrated="true" message="" point-count="2193" avg-residual="0.887116" serial="18082" model="Oqus 700+" viewrotation="0" video_resolution="">
            <fov_marker left="0" top="0" right="4095" bottom="3071" />
            <fov_marker_max left="0" top="0" right="4095" bottom="3071" />
            <fov_video left="0" top="0" right="4095" bottom="3071" />
            <fov_video_max left="0" top="0" right="4095" bottom="3071" />
            <transform x="4129.803223" y="1526.279053" z="3228.919434" r11="-0.275660" r12="0.956993" r13="-0.090420" r21="-0.429150" r22="-0.038352" r23="0.902419" r31="0.860141" r32="0.287564" r33="0.421265" />
            <intrinsic focallength="21.594234" sensorMinU="0.000000" sensorMaxU="262143.000000" sensorMinV="0.000000" sensorMaxV="196607.000000" focalLengthU="251252.328125" focalLengthV="251304.390625" centerPointU="132432.687500" centerPointV="102237.812500" skew="0.000000" radialDistortion1="-0.002990" radialDistortion2="-0.003932" radialDistortion3="0.000000" tangentalDistortion1="-0.000205" tangentalDistortion2="-0.000452" />
        </camera>
        <camera active="1" calibrated="true" message="" point-count="1701" avg-residual="1.645072" serial="15480" model="Oqus 700+" viewrotation="0" video_resolution="">
            <fov_marker left="0" top="0" right="4095" bottom="3071" />
            <fov_marker_max left="0" top="0" right="4095" bottom="3071" />
            <fov_video left="0" top="0" right="4095" bottom="3071" />
            <fov_video_max left="0" top="0" right="4095" bottom="3071" />
            <transform x="4118.783691" y="-1940.468506" z="3239.508545" r11="0.540754" r12="0.839776" r13="0.048594" r21="-0.452917" r22="0.241992" r23="0.858083" r31="0.708838" r32="-0.486021" r33="0.511207" />
            <intrinsic focallength="21.546793" sensorMinU="0.000000" sensorMaxU="262143.000000" sensorMinV="0.000000" sensorMaxV="196607.000000" focalLengthU="250716.031250" focalLengthV="250736.593750" centerPointU="129404.195313" centerPointV="99778.343750" skew="0.000000" radialDistortion1="-0.008993" radialDistortion2="0.011156" radialDistortion3="0.000000" tangentalDistortion1="-0.001026" tangentalDistortion2="-0.000159" />
        </camera>
        <camera active="1" calibrated="true" message="" point-count="1504" avg-residual="1.611791" serial="18080" model="Oqus 700+" viewrotation="0" video_resolution="">
            <fov_marker left="0" top="0" right="4095" bottom="3071" />
            <fov_marker_max left="0" top="0" right="4095" bottom="3071" />
            <fov_video left="0" top="0" right="4095" bottom="3071" />
            <fov_video_max left="0" top="0" right="4095" bottom="3071" />
            <transform x="1361.271606" y="-4559.318359" z="3197.349365" r11="0.994903" r12="-0.027177" r13="0.097107" r21="-0.068822" r22="0.520831" r23="0.850881" r31="-0.073701" r32="-0.853227" r33="0.516306" />
            <intrinsic focallength="21.549925" sensorMinU="0.000000" sensorMaxU="262143.000000" sensorMinV="0.000000" sensorMaxV="196607.000000" focalLengthU="250758.062500" focalLengthV="250767.484375" centerPointU="132537.234375" centerPointV="100817.085938" skew="0.000000" radialDistortion1="-0.005191" radialDistortion2="0.001717" radialDistortion3="0.000000" tangentalDistortion1="-0.000594" tangentalDistortion2="-0.000421" />
        </camera>
        <camera active="1" calibrated="true" message="" point-count="2194" avg-residual="0.894103" serial="18084" model="Oqus 700+" viewrotation="0" video_resolution="">
            <fov_marker left="0" top="0" right="4095" bottom="3071" />
            <fov_marker_max left="0" top="0" right="4095" bottom="3071" />
            <fov_video left="0" top="0" right="4095" bottom="3071" />
            <fov_video_max left="0" top="0" right="4095" bottom="3071" />
            <transform x="-4923.718750" y="-4563.494629" z="3305.648682" r11="0.770522" r12="-0.636904" r13="0.025476" r21="0.275297" r22="0.368569" r23="0.887901" r31="-0.574898" r32="-0.677134" r33="0.459328" />
            <intrinsic focallength="21.567806" sensorMinU="0.000000" sensorMaxU="262143.000000" sensorMinV="0.000000" sensorMaxV="196607.000000" focalLengthU="250945.031250" focalLengthV="250996.625000" centerPointU="134223.125000" centerPointV="99291.351563" skew="0.000000" radialDistortion1="-0.011489" radialDistortion2="0.018310" radialDistortion3="0.000000" tangentalDistortion1="-0.000369" tangentalDistortion2="-0.000767" />
        </camera>
        <camera active="1" calibrated="true" message="" point-count="2353" avg-residual="0.649594" serial="18083" model="Oqus 700+" viewrotation="0" video_resolution="">
            <fov_marker left="0" top="0" right="4095" bottom="3071" />
            <fov_marker_max left="0" top="0" right="4095" bottom="3071" />
            <fov_video left="0" top="0" right="4095" bottom="3071" />
            <fov_video_max left="0" top="0" right="4095" bottom="3071" />
            <transform x="-5480.327637" y="-1863.000977" z="3244.185547" r11="0.214774" r12="-0.973892" r13="-0.073534" r21="0.475509" r22="0.038506" r23="0.878868" r31="-0.853091" r32="-0.223724" r33="0.471364" />
            <intrinsic focallength="21.599743" sensorMinU="0.000000" sensorMaxU="262143.000000" sensorMinV="0.000000" sensorMaxV="196607.000000" focalLengthU="251339.171875" focalLengthV="251345.734375" centerPointU="131386.921875" centerPointV="98786.906250" skew="0.000000" radialDistortion1="-0.008368" radialDistortion2="0.020447" radialDistortion3="0.000000" tangentalDistortion1="0.000148" tangentalDistortion2="-0.000369" />
        </camera>
        <camera active="1" calibrated="true" message="" point-count="2047" avg-residual="0.877294" serial="18081" model="Oqus 700+" viewrotation="0" video_resolution="">
            <fov_marker left="0" top="0" right="4095" bottom="3071" />
            <fov_marker_max left="0" top="0" right="4095" bottom="3071" />
            <fov_video left="0" top="0" right="4095" bottom="3071" />
            <fov_video_max left="0" top="0" right="4095" bottom="3071" />
            <transform x="-5492.555664" y="1436.414063" z="3291.570313" r11="-0.084535" r12="-0.995425" r13="-0.044528" r21="0.479279" r22="-0.079799" r23="0.874027" r31="-0.873582" r32="0.052544" r33="0.483832" />
            <intrinsic focallength="21.575443" sensorMinU="0.000000" sensorMaxU="262143.000000" sensorMinV="0.000000" sensorMaxV="196607.000000" focalLengthU="251069.312500" focalLengthV="251050.109375" centerPointU="131411.281250" centerPointV="100318.289063" skew="0.000000" radialDistortion1="-0.008568" radialDistortion2="0.026705" radialDistortion3="0.000000" tangentalDistortion1="-0.000430" tangentalDistortion2="-0.000521" />
        </camera>
        <camera active="1" calibrated="true" message="" point-count="2284" avg-residual="0.812761" serial="18090" model="Oqus 700+" viewrotation="0" video_resolution="">
            <fov_marker left="0" top="0" right="4095" bottom="3071" />
            <fov_marker_max left="0" top="0" right="4095" bottom="3071" />
            <fov_video left="0" top="0" right="4095" bottom="3071" />
            <fov_video_max left="0" top="0" right="4095" bottom="3071" />
            <transform x="-5214.076172" y="4089.076172" z="3268.894775" r11="-0.684978" r12="-0.727604" r13="-0.037379" r21="0.308886" r22="-0.336490" r23="0.889586" r31="-0.659844" r32="0.597801" r33="0.455235" />
            <intrinsic focallength="21.634739" sensorMinU="0.000000" sensorMaxU="262143.000000" sensorMinV="0.000000" sensorMaxV="196607.000000" focalLengthU="251742.453125" focalLengthV="251756.906250" centerPointU="132101.546875" centerPointV="99841.695313" skew="0.000000" radialDistortion1="-0.008691" radialDistortion2="0.028915" radialDistortion3="0.000000" tangentalDistortion1="0.000339" tangentalDistortion2="0.000168" />
        </camera>
        <camera active="1" calibrated="true" message="" point-count="1124" avg-residual="0.829700" serial="18085" model="Oqus 700+" viewrotation="0" video_resolution="">
            <fov_marker left="0" top="0" right="4095" bottom="3071" />
            <fov_marker_max left="0" top="0" right="4095" bottom="3071" />
            <fov_video left="0" top="0" right="4095" bottom="3071" />
            <fov_video_max left="0" top="0" right="4095" bottom="3071" />
            <transform x="-2253.415527" y="3978.794434" z="3204.293213" r11="-0.997258" r12="-0.068302" r13="-0.028500" r21="0.020917" r22="-0.629507" r23="0.776713" r31="-0.070992" r32="0.773987" r33="0.629210" />
            <intrinsic focallength="21.511713" sensorMinU="0.000000" sensorMaxU="262143.000000" sensorMinV="0.000000" sensorMaxV="196607.000000" focalLengthU="250312.046875" focalLengthV="250324.187500" centerPointU="132282.953125" centerPointV="101546.109375" skew="0.000000" radialDistortion1="-0.005212" radialDistortion2="0.013920" radialDistortion3="0.000000" tangentalDistortion1="0.000035" tangentalDistortion2="0.000559" />
        </camera>
        <camera active="1" calibrated="true" message="" point-count="1472" avg-residual="1.394176" serial="18440" model="Oqus 700+" viewrotation="0" video_resolution="">
            <fov_marker left="0" top="0" right="4095" bottom="3071" />
            <fov_marker_max left="0" top="0" right="4095" bottom="3071" />
            <fov_video left="0" top="0" right="4095" bottom="3071" />
            <fov_video_max left="0" top="0" right="4095" bottom="3071" />
            <transform x="3625.651855" y="-4610.669434" z="3238.755371" r11="0.912879" r12="0.406951" r13="-0.032307" r21="-0.190791" r22="0.495269" r23="0.847530" r31="0.360904" r32="-0.767528" r33="0.529763" />
            <intrinsic focallength="21.527266" sensorMinU="0.000000" sensorMaxU="262143.000000" sensorMinV="0.000000" sensorMaxV="196607.000000" focalLengthU="250494.437500" focalLengthV="250503.765625" centerPointU="133085.203125" centerPointV="100354.453125" skew="0.000000" radialDistortion1="-0.004066" radialDistortion2="0.003598" radialDistortion3="0.000000" tangentalDistortion1="-0.000140" tangentalDistortion2="0.000729" />
        </camera>
        <camera active="1" calibrated="true" message="" point-count="1723" avg-residual="0.723357" serial="18442" model="Oqus 700+" viewrotation="0" video_resolution="">
            <fov_marker left="0" top="0" right="4095" bottom="3071" />
            <fov_marker_max left="0" top="0" right="4095" bottom="3071" />
            <fov_video left="0" top="0" right="4095" bottom="3071" />
            <fov_video_max left="0" top="0" right="4095" bottom="3071" />
            <transform x="945.906799" y="4004.795166" z="3230.418457" r11="-0.987331" r12="0.073082" r13="0.140840" r21="0.100820" r22="-0.396455" r23="0.912501" r31="0.122524" r32="0.915141" r33="0.384065" />
            <intrinsic focallength="21.538607" sensorMinU="0.000000" sensorMaxU="262143.000000" sensorMinV="0.000000" sensorMaxV="196607.000000" focalLengthU="250706.890625" focalLengthV="250555.234375" centerPointU="132077.234375" centerPointV="101108.335938" skew="0.000000" radialDistortion1="-0.003994" radialDistortion2="0.005729" radialDistortion3="0.000000" tangentalDistortion1="-0.000860" tangentalDistortion2="-0.000284" />
        </camera>
        <camera active="1" calibrated="true" message="" point-count="1550" avg-residual="0.743770" serial="18088" model="Oqus 700+" viewrotation="0" video_resolution="">
            <fov_marker left="0" top="0" right="4095" bottom="3071" />
            <fov_marker_max left="0" top="0" right="4095" bottom="3071" />
            <fov_video left="0" top="0" right="4095" bottom="3071" />
            <fov_video_max left="0" top="0" right="4095" bottom="3071" />
            <transform x="-2243.817627" y="-4564.712402" z="3294.980713" r11="0.986912" r12="-0.133574" r13="0.090352" r21="-0.005839" r22="0.530314" r23="0.847781" r31="-0.161156" r32="-0.837213" r33="0.522593" />
            <intrinsic focallength="21.555243" sensorMinU="0.000000" sensorMaxU="262143.000000" sensorMinV="0.000000" sensorMaxV="196607.000000" focalLengthU="250826.031250" focalLengthV="250823.265625" centerPointU="131729.109375" centerPointV="98309.367188" skew="0.000000" radialDistortion1="-0.002894" radialDistortion2="0.000321" radialDistortion3="0.000000" tangentalDistortion1="-0.000298" tangentalDistortion2="-0.000453" />
        </camera>
    </cameras>
</calibration>